01 -15236.226182   -738.304955  21546.270275     35.805417  7  7  5 130       
02  14201.860302  20467.326860  -8617.970762   -510.169431  6  8  6  75       
03 -21118.891777   9355.633499  12944.736211   -286.275535  9  7  9 115       
04 -24511.986050    769.351604 -10236.301749   -130.903661 10 10  6 129       
05  12083.409258   9639.330339 -21753.547201    -20.080278  5  8  6 107       
06   5537.884256  25769.182089   3152.133417   -321.424058  9  8 10 100       
07  -8304.248119  17205.699194 -17916.870435   -362.652971  6  6  7 101       
08 -26008.445083  -6040.509742   -466.542598    -46.396796  9  9  8 120       
09 -16325.441495   9887.961229 -18531.234191   -279.172875 22 14 15 149       
10   8370.139082 -21703.047424  12674.250291   -442.734961  8  7  5 106       
11 -21293.078156  -7328.615428  13331.354913   -176.974756  9  8  5 130       
12  21365.332906  -7024.790751  13775.513691     73.188169 10  5  9  97       
13  21711.297602  13591.719375  -7355.500603     41.024765  7  9  8  94       
15  26537.399043   3497.002677   -244.249415   -206.773909  7  6  5  87       
16 -13058.938172  -8170.850245 -21899.936564   -203.100618  8  9  9  96       
17   1394.095921  15604.074919  21881.605327    319.332828  9  8  7 108       
18   7826.337276 -18093.442232 -17793.400915    281.484461  7  6  8 118       
19   9409.357965  16327.266477  18449.042357   -110.942608  7  7  7  83       
20  15039.066764 -21723.153040    504.107191    526.875994  7  7  5  92       
21 -13051.675924 -22758.745974   5911.128530     42.075215  8  6  4 120       
22 -19197.320548   2357.482651  18341.827736   -758.963035  6  5  7  96       
24  16956.285222   3178.421297  20077.054156    -17.960577 10  8  5  86       
25  19966.936223 -16658.809897   4438.796781     42.830963  8  5  7  82       
26  -2207.168241 -18337.936220 -19034.882962    271.082714  6  8  7  99       
27 -20931.096567 -12556.549067 -11021.316785   -384.819441  8  7  8 114       
28  -8710.881884  20855.334341  14653.894526    683.638894  9  8  7 124       
29  19625.453695  -5703.482935 -17032.079674   -185.015603 11  9  5 118       
30  -1461.490299  24254.176388 -10411.080826   -293.156711  7  6  5  74       
31  -6240.770185 -25537.572765    944.124114    -65.802708  8  2  5 105       
32  -3105.646108 -15960.198218  21114.708959    340.406522  7  6  7  85      